5 8 2
1 2 20
1 3 30
1 4 20
1 5 20
2 3 80
2 4 40
2 5 40
3 4 20
1 4
3 5

6 10 5
1 2 90
1 5 30
2 4 30
2 5 90
3 4 60
3 5 60
3 6 60
4 5 70
4 6 10
5 6 90
4 1
5 3
5 2
4 5
6 3

4 5 2
1 3 20
1 4 80
2 3 70
2 4 30
3 4 60
4 3
1 3

7 17 5
1 3 40
1 4 10
1 5 80
1 6 60
1 7 70
2 3 10
2 4 50
2 5 30
2 7 10
3 4 50
3 5 80
4 5 10
4 6 70
4 7 50
5 6 80
5 7 50
6 7 40
6 2
6 3
1 4
1 4
7 6

8 23 7
1 2 40
1 3 20
1 4 60
1 5 10
1 7 30
1 8 40
2 3 20
2 5 60
2 7 60
2 8 40
3 4 90
3 5 60
3 6 30
3 7 60
3 8 80
4 5 60
4 6 40
4 7 60
4 8 50
5 6 20
5 7 10
5 8 70
7 8 20
5 6
3 7
2 1
2 4
7 4
4 2
1 2

5 7 5
1 2 30
1 5 50
2 3 30
2 4 50
3 4 50
3 5 60
4 5 90
5 1
2 5
2 4
3 2
4 2

4 3 3
1 3 60
2 3 60
3 4 70
2 4
2 1
1 4

5 8 6
1 2 40
1 4 80
1 5 50
2 3 30
2 5 10
3 4 20
3 5 30
4 5 60
5 1
4 2
3 2
3 5
3 2
2 3

